,date,AMZN,AMZN-1,pred_title,pred_sent,pred_rf,pred_lr,pred_nn
0,2020-07-14,3084.0,3104.0,2570.370516023482,2520.249800695805,3130.3566284179674,3118.6241572300196,2935.694671584526
1,2020-07-15,3008.8701171875,3084.0,2696.368985324516,2524.4988948690007,3123.267639160155,3098.4431434255243,2915.960239963373
2,2020-07-16,2999.89990234375,3008.8701171875,2172.2144595565624,2543.891190691269,3061.7602620442713,3022.633283317067,2841.972707585199
3,2020-07-17,2961.969970703125,2999.89990234375,2635.143505659653,2538.3592688729987,3061.7602620442713,3013.5818818375164,2833.1528437902452
4,2020-07-20,3196.840087890625,2961.969970703125,2687.5089272318874,2537.6561107980087,3055.062919108074,2975.308658135366,2795.89418265142
5,2020-07-21,3138.2900390625,3196.840087890625,2476.858058747428,2531.9503365355777,3123.307165527344,3212.3045119965814,3027.4821034074994
6,2020-07-22,3099.909912109375,3138.2900390625,2460.434935065161,2520.757435304695,3174.3701538085948,3153.2245448138688,2969.5636943308637
7,2020-07-23,2986.550048828125,3099.909912109375,2471.9203950922233,2517.8299102683086,3129.2121337890608,3114.497051220904,2931.6573238770943
8,2020-07-24,3008.909912109375,2986.550048828125,2472.571675888437,2508.6599202418,3061.7602620442713,3000.1112029331757,2820.0326744127087
9,2020-07-27,3055.2099609375,3008.909912109375,2661.015194907435,2478.10523211339,3061.7602620442713,3022.673438410452,2842.0119333455805
10,2020-07-28,3000.330078125,3055.2099609375,2533.3610111033777,2517.656784227118,3050.2637329101553,3069.392534637911,2887.5837922077626
11,2020-07-29,3033.530029296875,3000.330078125,2533.4939428468933,2508.5946650416586,3061.7602620442713,3014.015951006505,2833.5759735202882
12,2020-07-30,3051.8798828125,3033.530029296875,2670.7873729960993,2503.817475909251,3028.0144327799476,3047.516384651913,2866.2346878513927
13,2020-07-31,3164.679931640625,3051.8798828125,2692.8690547477454,2497.4517645485466,3050.2637329101553,3066.0323170073775,2884.303356395103
14,2020-08-03,3111.889892578125,3164.679931640625,2498.6400387403555,2484.3916444831993,3166.507165527345,3179.8532841347824,2995.6554836785654
15,2020-08-04,3138.830078125,3111.889892578125,2563.3328819154995,2503.555547104974,3130.3566284179674,3126.5854587817753,2943.484132766491
16,2020-08-05,3205.030029296875,3138.830078125,2520.3075497319223,2502.8604399962346,3174.3701538085948,3153.7694716026326,2970.0974794466747
17,2020-08-06,3225.0,3205.030029296875,2398.503997049236,2486.4034175087,3123.307165527344,3220.568578025458,3035.5920293664094
18,2020-08-07,3167.4599609375,3225.0,2644.1850434276275,2496.806960845482,3123.307165527344,3240.719290747214,3055.374887852231
19,2020-08-10,3148.159912109375,3167.4599609375,2470.9210462062038,2488.4048998254584,3166.507165527345,3182.658474615639,2998.4056453231024
20,2020-08-11,3080.669921875,3148.159912109375,2506.861225420842,2481.2342129067983,3166.507165527345,3163.1837470242485,2979.3197704870254
21,2020-08-12,3162.239990234375,3080.669921875,2545.0188102350803,2476.9361470667063,3123.267639160155,3095.082925794991,2912.67665640451
22,2020-08-13,3161.02001953125,3162.239990234375,2476.33177979564,2486.13476947695,3166.507165527345,3177.391259574699,2993.2424940792844
23,2020-08-14,3148.02001953125,3161.02001953125,2368.533034240827,2484.424453684012,3166.507165527345,3176.160247294656,2992.035938746063
24,2020-08-17,3182.409912109375,3148.02001953125,2621.1021362489555,2490.0549241718836,3166.507165527345,3163.0425883217345,2979.181269654073
25,2020-08-18,3312.489990234375,3182.409912109375,2492.031527186918,2484.5341405324866,3166.507165527345,3197.7437331644464,3013.1977522033267
26,2020-08-19,3260.47998046875,3312.489990234375,2553.744120576768,2489.8346424712217,3123.307165527344,3329.001125780967,3142.173747278517
27,2020-08-20,3297.3701171875,3260.47998046875,2635.247502351529,2477.560793087352,3123.307165527344,3276.520389528367,3090.5502252730075
28,2020-08-21,3284.719970703125,3297.3701171875,2744.2017734309193,2481.3695659935474,3123.307165527344,3313.744407446907,3127.1592400223017
29,2020-08-24,3307.4599609375,3284.719970703125,2673.9904468924506,2470.767896246689,3123.307165527344,3300.9797684054047,3114.6017908122158
30,2020-08-25,3346.489990234375,3307.4599609375,2516.1779488472966,2488.383349870681,3123.307165527344,3323.925571247105,3137.1782740536146
31,2020-08-26,3441.85009765625,3346.489990234375,2724.965533180046,2494.283497461176,3123.307165527344,3363.3088492486086,3175.957054474391
32,2020-08-27,3400.0000000000005,3441.85009765625,2524.7815866915043,2500.5295339325676,3123.307165527344,3459.5320314625583,3270.8432003003545
33,2020-08-28,3401.8000488281255,3400.0000000000005,2458.848168310709,2513.163073853764,3123.307165527344,3417.3031615365458,3229.1784208796453
34,2020-08-31,3450.9599609375,3401.8000488281255,2618.9093678167555,2516.2815823376877,3123.307165527344,3419.119502049004,3230.9697306037415
35,2020-09-01,3499.1201171874995,3450.9599609375,2538.542806690093,2578.615916136303,3123.307165527344,3468.7243452943567,3279.9170630004955
36,2020-09-02,3531.449951171875,3499.1201171874995,2548.3499731884804,2561.5458095420618,3123.307165527344,3517.320384199751,3327.9108704319224
37,2020-09-03,3368.0,3531.449951171875,2576.66334495286,2576.4715745687718,3123.307165527344,3549.942825496536,3360.149360644864
38,2020-09-04,3294.6201171875,3368.0,2513.709449954389,2553.1583976486,3123.307165527344,3385.013539449353,3197.3435685837176
39,2020-09-08,3149.840087890625,3294.6201171875,2753.6687412050087,2566.2844993170584,3123.307165527344,3310.969518048789,3124.4290544594405
40,2020-09-09,3268.610107421875,3149.840087890625,2466.5167439317443,2528.1585130320163,3166.507165527345,3164.879129556018,2980.980690878001
41,2020-09-10,3175.1101074218755,3268.610107421875,2534.6748319418402,2535.0064348976593,3123.307165527344,3284.724099742033,3098.6154774492607
42,2020-09-11,3116.219970703125,3175.1101074218755,2550.0822021376807,2516.835222468013,3166.507165527345,3190.377860206019,3005.9740378678543
43,2020-09-14,3102.969970703125,3116.219970703125,2479.0384783291374,2500.9249998161686,3130.3566284179674,3130.9547271025335,2947.759982782416
44,2020-09-15,3156.1298828125,3102.969970703125,2390.430936041055,2529.569308666978,3130.3566284179674,3117.584805457056,2934.677707426483
45,2020-09-16,3078.10009765625,3156.1298828125,2437.2751502388273,2586.180676666205,3166.507165527345,3171.225851463308,2987.1995477715973
46,2020-09-17,3008.72998046875,3078.10009765625,2507.3542714367504,2594.348351661232,3123.267639160155,3092.4898428933047,2910.142720710719
47,2020-09-18,2954.909912109375,3008.72998046875,2581.809425726882,2576.1135789717077,3061.7602620442713,3022.4918782642862,2841.8349331552163
48,2020-09-21,2960.469970703125,2954.909912109375,2486.050688333169,2583.1642883331515,3055.062919108074,2968.1847011383156,2788.9653879217803
49,2020-09-22,3128.989990234375,2960.469970703125,2533.672637977521,2555.216418329859,3055.062919108074,2973.795082100029,2794.4217638311675
50,2020-09-23,2999.860107421875,3128.989990234375,2555.2523752768757,2580.3344644962344,3167.1326049804675,3143.8403241247256,2960.3740914241644
51,2020-09-24,3019.7900390625,2999.860107421875,2555.2524963440374,2563.478767845314,3061.7602620442713,3013.5417267441303,2833.1137390970252
52,2020-09-25,3095.1298828125,3019.7900390625,2560.9464060246246,2541.8118621895555,3061.7602620442713,3033.6520380222355,2852.7135440343986
53,2020-09-28,3174.050048828125,3095.1298828125,2334.3503264785977,2590.7547151013277,3129.2121337890608,3109.673759359598,2926.9398208553903
54,2020-09-29,3144.8798828125,3174.050048828125,2105.7405368324835,2581.6096649101237,3166.507165527345,3189.3082073503165,3004.9252330462914
55,2020-09-30,3148.72998046875,3144.8798828125,2105.740355231741,2574.894795855158,3166.507165527345,3159.8740311982797,2976.076865494484
56,2020-10-01,3221.260009765625,3148.72998046875,1922.2538403470244,2589.452758844709,3166.507165527345,3163.758974895751,2979.883217057446
57,2020-10-02,3125.0,3221.260009765625,2385.3308002548874,2600.6960240148474,3123.307165527344,3236.945451019784,3051.66926416778
58,2020-10-05,3199.199951171875,3125.0,2567.688999459613,2552.9995575324865,3163.669942220051,3139.814221724739,2956.43214464013
59,2020-10-06,3099.9599609375,3199.199951171875,2567.6888783924514,2582.781958236592,3123.307165527344,3214.685733669362,3029.818578560604
60,2020-10-07,3195.68994140625,3099.9599609375,2567.6887573252898,2589.5484019024298,3129.2121337890608,3114.547553025469,2931.7067192790564
61,2020-10-08,3190.550048828125,3195.68994140625,2567.6885151909664,2666.350987923797,3123.307165527344,3211.143955892663,3026.343466751976
62,2020-10-09,3286.64990234375,3190.550048828125,2567.6885151909664,2647.8538626949303,3166.507165527345,3205.957543739025,3021.2550139469095
63,2020-10-12,3442.929931640625,3286.64990234375,2567.6885151909664,2659.4984655060107,3123.307165527344,3302.9271672594637,3116.5171943770256
64,2020-10-13,3443.6298828124995,3442.929931640625,2567.6883941238048,2658.3150340006687,3123.307165527344,3460.62163868982,3271.9188820318086
65,2020-10-14,3363.7099609375,3443.6298828124995,2567.688636258128,2652.995342916809,3123.307165527344,3461.3279249029238,3272.6158656815533
66,2020-10-15,3338.64990234375,3363.7099609375,2567.6885151909664,2642.6345362880966,3123.307165527344,3380.684672572247,3193.077403940726
67,2020-10-16,3272.7099609375,3338.64990234375,2567.6885151909664,2638.5154682465363,3123.307165527344,3355.397803151151,3168.164687680546
68,2020-10-19,3207.2099609375,3272.7099609375,2567.6885151909664,2656.2027752309805,3123.307165527344,3288.8610597617944,3102.6830919471104
69,2020-10-20,3217.010009765625,3207.2099609375,2567.688636258128,2636.2536915321834,3123.307165527344,3222.7682395520733,3037.7508989933413
70,2020-10-21,3184.93994140625,3217.010009765625,2567.688636258128,2655.104696074617,3123.307165527344,3232.656985586329,3047.4585482848343
71,2020-10-22,3176.39990234375,3184.93994140625,2567.6887573252898,2606.782312366413,3166.507165527345,3200.296660972747,3015.7019053753465
72,2020-10-23,3204.39990234375,3176.39990234375,2567.688636258128,2618.9282542939764,3166.507165527345,3191.679328662185,3007.2503278861986
73,2020-10-26,3207.0400390625,3204.39990234375,2567.688636258128,2634.997740797,3123.307165527344,3219.9327479884782,3034.968049215153
74,2020-10-27,3286.330078125,3207.0400390625,2567.688636258128,2627.9470314355567,3123.307165527344,3222.59677976682,3037.582736705779
75,2020-10-28,3162.780029296875,3286.330078125,2567.6887573252898,2621.656744916574,3123.307165527344,3302.6044484107833,3116.199756279122
76,2020-10-29,3211.010009765625,3162.780029296875,2567.688999459613,2579.522830244386,3166.507165527345,3177.936186363462,2993.7765213294188
77,2020-10-30,3036.14990234375,3211.010009765625,2567.6888783924514,2606.9459951689932,3123.307165527344,3226.6026814449806,3041.514877049718
78,2020-11-02,3004.47998046875,3036.14990234375,2567.6887573252898,2581.885455904412,3028.0144327799476,3050.1599693581634,2868.8137815964874
79,2020-11-03,3048.409912109375,3004.47998046875,2567.6888783924514,2579.359994911938,3061.7602620442713,3018.2034128308305,2837.655694734305
80,2020-11-04,3241.159912109375,3048.409912109375,2567.6887573252898,2597.217038057046,3050.2637329101553,3062.5309406743295,2880.885509353946
81,2020-11-05,3322.0,3241.159912109375,2567.6883941238048,2649.6233803299256,3123.307165527344,3257.0254612151502,3071.391952274251
82,2020-11-06,3311.3701171875,3322.0,2567.6883941238048,2667.282236531377,3123.307165527344,3338.5972076990156,3151.620617903769
83,2020-11-09,3143.739990234375,3311.3701171875,2567.6885151909664,2665.758243100252,3123.307165527344,3327.871117110054,3141.0616243314
84,2020-11-10,3035.02001953125,3143.739990234375,2567.6885151909664,2662.542578219087,3166.507165527345,3158.7238218055404,2974.950214487966
85,2020-11-11,3137.389892578125,3035.02001953125,2567.6885151909664,2681.2843801816925,3028.0144327799476,3049.019860326337,2867.7014165150467
86,2020-11-12,3110.280029296875,3137.389892578125,2567.6885151909664,2685.802122386638,3174.3701538085948,3152.316251382507,2968.674213894061
87,2020-11-13,3128.81005859375,3110.280029296875,2567.6885151909664,2668.637220204808,3130.3566284179674,3124.9610251266627,2941.89452093374
88,2020-11-16,3131.06005859375,3128.81005859375,2567.6883941238048,2686.996207802207,3167.1326049804675,3143.658763978559,2960.196122696507
89,2020-11-17,3135.659912109375,3131.06005859375,2567.6885151909664,2687.4228484799387,3167.1326049804675,3145.9291280315647,2962.4192789862864
90,2020-11-18,3105.4599609375,3135.659912109375,2567.6885151909664,2686.399104560842,3174.3701538085948,3150.570613396439,2966.964624504093
91,2020-11-19,3117.02001953125,3105.4599609375,2567.6885151909664,2650.6346543313703,3130.3566284179674,3120.097331821705,2937.1357340099057
92,2020-11-20,3099.39990234375,3117.02001953125,2567.6885151909664,2638.6832673326135,3130.3566284179674,3131.7620169247675,2948.5500670794863
93,2020-11-23,3098.389892578125,3099.39990234375,2567.688636258128,2633.0856060455553,3129.2121337890608,3113.982425514879,2931.153926618863
94,2020-11-24,3118.06005859375,3098.389892578125,2567.6885151909664,2643.391690317192,3129.2121337890608,3112.9632744637415,2930.157059609657
95,2020-11-25,3185.070068359375,3118.06005859375,2567.6883941238048,2647.601195528521,3130.3566284179674,3132.8114690586435,2949.5773219462717
96,2020-11-27,3195.340087890625,3185.070068359375,2567.6885151909664,2646.0853135972284,3166.507165527345,3200.4279656646145,3015.8307208353654
