,date,GOOG,GOOG-1,pred_title,pred_sent,pred_rf,pred_lr,pred_nn
0,2020-07-14,1520.8599853515625,1512.2299804687502,1320.0723838301928,1315.772861154619,1516.9825179036454,1508.7338784319975,1443.8756685751287
1,2020-07-15,1516.8800048828125,1520.8599853515625,1355.5720428133645,1317.4874728499926,1524.3543172200518,1517.210176029615,1451.703369027353
2,2020-07-16,1514.9200439453125,1516.8800048828125,1314.2732482889842,1325.2535764665881,1498.498142496745,1513.301082194336,1448.0910800226848
3,2020-07-17,1516.8499755859375,1514.9200439453125,1363.4095025284187,1316.6085264043795,1514.7702225748696,1511.3760297277906,1446.3136686057987
4,2020-07-20,1563.8399658203123,1516.8499755859375,1318.7622141432585,1317.3907199722162,1498.498142496745,1513.271587743242,1448.0638448706013
5,2020-07-21,1555.9200439453127,1563.8399658203123,1352.7584019475835,1326.4480875410081,1514.3554829915363,1559.424648690978,1491.031791082336
6,2020-07-22,1564.8499755859373,1555.9200439453127,1398.8396664818574,1306.7900044227354,1514.3554829915363,1551.6457869552125,1483.7467964272946
7,2020-07-23,1516.75,1564.8499755859373,1286.3146170863984,1303.5785714648155,1514.3554829915363,1560.416669375345,1491.9618715259858
8,2020-07-24,1508.2099609375,1516.75,1343.1583966694889,1294.5845483205776,1498.498142496745,1513.1733928024032,1447.9731518141634
9,2020-07-27,1529.4300537109375,1508.2099609375,1358.7569895858833,1308.2515107714135,1513.3639986165363,1504.785458661926,1440.2357358910958
10,2020-07-28,1503.6500244140625,1529.4300537109375,1413.5465124311595,1319.0124824949453,1516.1801534016925,1525.6276046211867,1459.4965262283513
11,2020-07-29,1523.5100097656248,1503.6500244140625,1390.5881643672546,1309.6354423285738,1510.6558239746093,1500.3067382528702,1436.1119253383804
12,2020-07-30,1538.3699951171873,1523.5100097656248,1417.0823160503933,1302.7188031054611,1520.2921549479167,1519.813001390616,1454.110729511929
13,2020-07-31,1487.949951171875,1538.3699951171873,1395.4859298543015,1302.9872736171237,1514.3554829915363,1534.4083185250174,1467.6566771036742
14,2020-08-03,1482.760009765625,1487.949951171875,1412.0791732207435,1309.3010173569492,1489.7016560872396,1484.8862958646844,1421.9420658043236
15,2020-08-04,1473.300048828125,1482.760009765625,1398.8596843186388,1313.5073050285573,1450.3681803385416,1479.7887914633618,1417.2547145630815
16,2020-08-05,1479.0899658203125,1473.300048828125,1324.6446665538824,1300.5260556193025,1486.9691670735676,1470.4973199918002,1408.7300665690418
17,2020-08-06,1504.949951171875,1479.0899658203125,1274.1480164678796,1293.816721295465,1497.679018147786,1476.1841139342955,1413.9443726111786
18,2020-08-07,1498.3699951171875,1504.949951171875,1289.5921633760008,1300.7217855789422,1516.3238232421875,1501.583512276054,1437.287031366941
19,2020-08-10,1496.8199462890625,1498.3699951171875,1384.6022410746737,1296.9448146880095,1498.10097076416,1495.1207504982647,1431.3435041277698
20,2020-08-11,1480.5400390625,1496.8199462890625,1353.226233772497,1298.8916741427747,1497.2253883870442,1493.598309278771,1429.9450244602049
21,2020-08-12,1507.239990234375,1480.5400390625,1366.3927956957195,1305.3574127271859,1484.413340250651,1477.6083602129509,1415.2518868707848
22,2020-08-13,1516.6500244140625,1507.239990234375,1334.765544115573,1299.5718266741387,1513.3639986165363,1503.8327639123515,1439.3581285071268
23,2020-08-14,1504.6300048828125,1516.6500244140625,1395.9381922506072,1303.4440298135232,1498.498142496745,1513.0751978615651,1447.8824587577255
24,2020-08-17,1516.239990234375,1504.6300048828125,1292.2139779872741,1302.2839712064888,1513.9313264973957,1501.2692644861431,1436.9977486598946
25,2020-08-18,1555.7800292968748,1516.239990234375,1480.4142124345235,1299.0612129644942,1498.498142496745,1512.672466718371,1447.510562756026
26,2020-08-19,1544.6099853515625,1555.7800292968748,1334.0621509210978,1301.0501053373082,1514.3554829915363,1551.5082660795813,1483.6181557256205
27,2020-08-20,1576.25,1544.6099853515625,1310.376646992525,1302.831987858328,1514.3554829915363,1540.5371695454999,1473.3692048612575
28,2020-08-21,1575.5699462890627,1576.25,1402.0701186543156,1309.4066670510729,1514.3554829915363,1571.6136502421982,1502.484399493027
29,2020-08-24,1585.1500244140625,1575.5699462890627,1395.823895395697,1312.2318147686092,1514.3554829915363,1570.9457088314407,1501.8547227768577
30,2020-08-25,1605.8499755859377,1585.1500244140625,1439.6338844219717,1301.1356237148502,1514.3554829915363,1580.355158107379,1510.7345171540655
31,2020-08-26,1644.1300048828125,1605.8499755859377,1436.0629020646302,1296.4741912600075,1514.3554829915363,1600.686426602767,1529.912421845147
32,2020-08-27,1628.52001953125,1644.1300048828125,1383.1993356948951,1301.3537999789987,1514.3554829915363,1638.2846579794436,1565.0103169431677
33,2020-08-28,1639.4300537109375,1628.52001953125,1327.7629325957168,1304.5199998885,1514.3554829915363,1622.9526989445405,1550.6623849064054
34,2020-08-31,1629.530029296875,1639.4300537109375,1408.4094180451793,1305.7771064207918,1514.3554829915363,1633.668416694757,1560.6853294003959
35,2020-09-01,1655.0799560546873,1629.530029296875,1490.3113305258885,1351.2909492573672,1514.3554829915363,1623.9447196289073,1551.5892879156454
36,2020-09-02,1717.3900146484373,1655.0799560546873,1403.1872818968186,1340.0316650345485,1514.3554829915363,1649.0395817683097,1575.1031196022523
37,2020-09-03,1629.5100097656252,1717.3900146484373,1394.1062878335943,1352.9002743939782,1514.3554829915363,1710.2398484121325,1632.9457256920432
38,2020-09-04,1581.2099609375,1629.5100097656252,1440.701865519004,1332.4830794992595,1514.3554829915363,1623.9250566615112,1551.570904187989
39,2020-09-08,1523.5999755859377,1581.2099609375,1442.007337142204,1344.6901470145822,1514.3554829915363,1576.4852703107497,1507.079968271748
40,2020-09-09,1547.22998046875,1523.5999755859377,1378.6698802478568,1319.642590434356,1520.2921549479167,1519.9013648477564,1454.1924803600996
41,2020-09-10,1526.050048828125,1547.22998046875,1440.2151733512728,1316.9169871976846,1514.3554829915363,1543.1105004554063,1475.770482828535
42,2020-09-11,1515.760009765625,1526.050048828125,1384.5359461753105,1303.552334934975,1520.2921549479167,1522.3078003270807,1456.420406584366
43,2020-09-14,1508.8299560546875,1515.760009765625,1360.0311180882272,1306.165570473342,1498.3268585205078,1512.2010350854327,1447.0752542418923
44,2020-09-15,1535.1199951171877,1508.8299560546875,1315.0250519662877,1313.3174079306555,1513.2563305664064,1505.394411170495,1440.7968708078552
45,2020-09-16,1512.0899658203125,1535.1199951171877,1338.2594736884785,1356.84337971262,1514.3554829915363,1531.216203622844,1464.6851858356094
46,2020-09-17,1487.0400390625,1512.0899658203125,1337.4902849057617,1363.0687680798947,1516.9825179036454,1508.596357556367,1443.74884355026
47,2020-09-18,1451.0899658203125,1487.0400390625,1370.0400364788948,1349.2329022942213,1480.968005371094,1483.9925900172987,1421.119745779084
48,2020-09-21,1430.1400146484375,1451.0899658203125,1312.5942011630395,1351.7594846570428,1461.804763752771,1448.6828163155687,1388.824937925412
49,2020-09-22,1459.8199462890625,1430.1400146484375,1310.240607407868,1343.133658073013,1440.7398405737645,1428.106000520014,1370.2035608711958
50,2020-09-23,1409.3900146484375,1459.8199462890625,1314.075067165657,1356.6333286021763,1440.8123513454861,1457.2573088540248,1396.6338688186588
51,2020-09-24,1422.8599853515625,1409.3900146484375,1394.487057955681,1343.392482801646,1409.604986233181,1407.725574606136,1351.8890105011596
52,2020-09-25,1439.06005859375,1422.8599853515625,1333.6042145347747,1334.2340274267044,1429.5324138983008,1420.9556343640704,1363.7639453368247
53,2020-09-28,1458.6600341796875,1439.06005859375,1342.862759093623,1357.961541577366,1437.607540341332,1436.8671713525912,1378.1155541191183
54,2020-09-29,1466.02001953125,1458.6600341796875,1336.0921910695179,1343.9205497045841,1443.3856850857208,1456.1180557064715,1395.5945981111145
55,2020-09-30,1465.5999755859375,1466.02001953125,1332.1749364493953,1336.3426409888853,1427.7499918619794,1463.346953835857,1402.1931307578925
56,2020-10-01,1487.9000244140625,1465.5999755859375,1331.615798777122,1354.6735097542114,1427.7499918619794,1462.9343912089646,1401.8164005166982
57,2020-10-02,1455.5999755859375,1487.9000244140625,1380.7480812235444,1359.1705326743104,1489.7016560872396,1484.8372583423366,1421.8969462357054
58,2020-10-05,1482.8299560546875,1455.5999755859375,1371.7412802537874,1340.0398582761336,1448.7116860622832,1453.1124992022762,1392.854582939799
59,2020-10-06,1451.02001953125,1482.8299560546875,1449.4950975045067,1362.5735195352172,1450.3681803385416,1479.8574919531056,1417.317854723995
60,2020-10-07,1459.1400146484375,1451.02001953125,1333.4893048889426,1357.8350115999783,1461.804763752771,1448.6141158258245,1388.762546731181
61,2020-10-08,1483.4300537109375,1459.1400146484375,1320.2936240489507,1430.6416088666592,1443.3856850857208,1456.5894873394097,1396.024618466552
62,2020-10-09,1510.449951171875,1483.4300537109375,1401.8872119121152,1413.3363024489954,1436.008315022787,1480.446901390421,1417.8594711150945
63,2020-10-12,1564.5899658203125,1510.449951171875,1397.1093037901956,1426.4031383236725,1515.971027018229,1506.985552879733,1442.2634383556288
64,2020-10-13,1567.0699462890625,1564.5899658203125,1317.8435043756035,1421.1379479390598,1514.3554829915363,1560.1612905914799,1491.7224291472521
65,2020-10-14,1563.43994140625,1567.0699462890625,1366.136422130774,1419.8069206648215,1514.3554829915363,1562.5971006257557,1494.006959095932
66,2020-10-15,1555.4699707031248,1563.43994140625,1355.4787170255586,1405.3905830044096,1514.3554829915363,1559.031749031482,1490.6634810423275
67,2020-10-16,1567.699951171875,1555.4699707031248,1416.4056133049598,1404.7764303249278,1514.3554829915363,1551.2037298772257,1483.3332306429074
68,2020-10-19,1529.9499511718752,1567.699951171875,1294.4288313385405,1421.928175876761,1514.3554829915363,1563.2158846180228,1494.587567146431
69,2020-10-20,1551.0799560546875,1529.9499511718752,1354.715202232859,1400.757588587534,1516.1801534016925,1526.138242292775,1459.9699185634818
70,2020-10-21,1585.989990234375,1551.0799560546875,1334.1571335139888,1415.0399519956554,1514.3554829915363,1546.8919048987525,1479.3019742153556
71,2020-10-22,1606.6600341796875,1585.989990234375,1453.408698075058,1376.6241798869887,1514.3554829915363,1581.180163465021,1511.5140779905341
72,2020-10-23,1632.9799804687498,1606.6600341796875,1330.2877219776929,1387.2829970942475,1514.3554829915363,1601.482057405457,1530.6520377918932
73,2020-10-26,1584.2900390625,1632.9799804687498,1393.2010594662206,1397.7353264567937,1514.3554829915363,1627.3332244127575,1554.756872278711
74,2020-10-27,1598.8800048828125,1584.2900390625,1407.0724444294028,1393.6418830986513,1514.3554829915363,1579.5104897823412,1509.9366179818608
75,2020-10-28,1510.800048828125,1598.8800048828125,1336.6783142383138,1382.4527293924475,1514.3554829915363,1593.8405966491791,1523.496364717328
76,2020-10-29,1556.8800048828125,1510.800048828125,1344.1381585697309,1346.6285862681616,1515.971027018229,1507.329415016881,1442.58045552588
77,2020-10-30,1616.1099853515625,1556.8800048828125,1407.992856394063,1377.3989518758826,1514.3554829915363,1552.5886502210892,1484.6290337871178
78,2020-11-02,1624.3199462890627,1616.1099853515625,1376.44506337012,1354.6465015617287,1514.3554829915363,1610.7636973933204,1539.2902109782008
79,2020-11-03,1645.6600341796875,1624.3199462890627,1386.5525957072896,1353.5254119181336,1514.3554829915363,1618.8274323640458,1546.810108819962
80,2020-11-04,1745.8499755859375,1645.6600341796875,1353.3556461368134,1368.3171180621357,1514.3554829915363,1639.787436231541,1566.4192367523647
81,2020-11-05,1762.5,1745.8499755859375,1325.2230050083745,1419.5630298779142,1514.3554829915363,1738.1929146964019,1659.5765297507605
82,2020-11-06,1759.72998046875,1762.5,1305.9373172029227,1427.2801556126797,1514.3554829915363,1754.5463888667662,1675.2317944794486
83,2020-11-09,1761.4200439453127,1759.72998046875,1379.404593867228,1430.360178961797,1514.3554829915363,1751.8257055975307,1672.6200795704062
84,2020-11-10,1737.719970703125,1761.4200439453127,1374.9340571325301,1416.8783701532084,1514.3554829915363,1753.4856676926554,1674.2135175349686
85,2020-11-11,1747.2299804687502,1737.719970703125,1426.0928391576017,1444.982142020439,1514.3554829915363,1730.2077116991184,1651.956633508933
86,2020-11-12,1742.8199462890625,1747.2299804687502,1411.4480439631297,1446.8691749244608,1514.3554829915363,1739.5483405891707,1660.8709257454466
87,2020-11-13,1772.260009765625,1742.8199462890625,1335.3479224509574,1428.0594894895476,1514.3554829915363,1735.2168526433009,1656.7355402530957
88,2020-11-16,1774.030029296875,1772.260009765625,1374.9931574125512,1445.3936197764997,1514.3554829915363,1764.132565056985,1684.4425867383106
89,2020-11-17,1761.6600341796877,1774.030029296875,1327.9468379601603,1446.2105381632427,1514.3554829915363,1765.8710591255517,1686.1144165489532
90,2020-11-18,1740.6400146484377,1761.6600341796877,1452.0975070699205,1446.7438024410367,1514.3554829915363,1753.7213835091245,1674.439841648782
91,2020-11-19,1758.5699462890625,1740.6400146484377,1461.455596109634,1412.2342320199386,1514.3554829915363,1733.075747327683,1654.6923591437953
92,2020-11-20,1736.3800048828125,1758.5699462890625,1339.194025236262,1407.8700258581666,1514.3554829915363,1750.686332553835,1671.526678998096
93,2020-11-23,1727.5600585937498,1736.3800048828125,1399.4441279863895,1406.2818533563404,1514.3554829915363,1728.8916117411422,1650.701773876688
94,2020-11-24,1763.9000244140623,1727.5600585937498,1379.0408684111535,1406.255253691139,1514.3554829915363,1720.2287557455459,1642.4480702539586
95,2020-11-25,1764.1300048828125,1763.9000244140623,1430.8227680199343,1409.2950144070928,1514.3554829915363,1755.921477726931,1676.5522908282146
96,2020-11-27,1787.02001953125,1764.1300048828125,1428.9054587051796,1423.702319075397,1514.3554829915363,1756.147362059702,1676.7693095983996
