,date,TSLA,TSLA-1,pred_title,pred_sent,pred_rf,pred_lr,pred_nn
0,2020-07-14,303.3599853515625,299.4119873046875,254.00906137470247,347.8445377353505,299.5855224609377,303.2217749655713,258.8994409431068
1,2020-07-15,309.20199584960943,303.3599853515625,229.78723367355133,351.3830319087883,299.5855224609377,307.22923345954854,262.7650192321828
2,2020-07-16,300.12799072265625,309.20199584960943,215.31503999718257,356.23658255316786,299.5855224609377,313.1592299576049,268.4045158333213
3,2020-07-17,300.1679992675781,300.12799072265625,205.39075131534264,353.404541554326,299.5855224609377,303.94856204727387,259.600223086233
4,2020-07-20,328.6000061035157,300.1679992675781,226.74269289723657,351.3707392105157,299.5855224609377,303.9891731573288,259.6393794277974
5,2020-07-21,313.6719970703126,328.6000061035157,224.38672351709715,352.58696238734547,299.5855224609377,332.8493919169823,286.9050759044244
6,2020-07-22,318.46600341796875,313.6719970703126,256.29956803897403,347.64923134519495,299.5855224609377,317.6965534687385,272.6604282682142
7,2020-07-23,302.614013671875,318.46600341796875,226.3692079431853,345.10169255517485,299.5855224609377,322.56276191919665,277.22972255773743
8,2020-07-24,283.3999938964844,302.614013671875,248.31246109252152,342.8439336391016,299.5855224609377,306.4720267668055,262.03432485659323
9,2020-07-27,307.9200134277344,283.3999938964844,240.52213566001728,335.52197640104896,298.04129282633477,286.96862635016043,243.25690043986177
10,2020-07-28,295.2980041503906,307.9200134277344,247.85504159466473,347.35499331934125,299.5855224609377,311.85793971260614,267.184752359389
11,2020-07-29,299.8219909667968,295.2980041503906,237.6265823867668,342.7220228527658,299.5855224609377,299.0458314772466,254.87510655340589
12,2020-07-30,297.49798583984375,299.8219909667968,217.2131801228561,342.5391402829978,299.5855224609377,303.63795365633393,259.3007073952542
13,2020-07-31,286.1520080566406,297.49798583984375,212.26202545419187,342.18979818835396,299.5855224609377,301.27894689506496,257.026672946668
14,2020-08-03,297.0,286.1520080566406,262.9783221326095,337.18680111350795,298.04129282633477,289.76208835057696,245.9415274010182
15,2020-08-04,297.3999938964844,297.0,237.724071679201,341.9924594054173,299.5855224609377,300.77346093482186,256.53953789952016
16,2020-08-05,297.00399780273443,297.3999938964844,245.01750985726108,343.15983959444384,299.5855224609377,301.1794791037707,256.93078990014146
17,2020-08-06,297.9159851074219,297.00399780273443,232.71612474451717,338.1667750198021,299.5855224609377,300.7775189481074,256.543455172703
18,2020-08-07,290.5419921875,297.9159851074219,213.18823929337373,340.85471281436,299.5855224609377,301.70324161239853,257.4355772620088
19,2020-08-10,283.7139892578125,290.5419921875,199.61197024764306,338.7760667072512,298.04129282633477,294.2181896416004,250.2276470931331
20,2020-08-11,274.87799072265625,283.7139892578125,235.91778259502053,335.6856168004542,298.04129282633477,287.28735076767117,243.5631033587008
21,2020-08-12,310.9519958496093,274.87799072265625,227.2304507744302,334.4473651083199,278.38722025553375,278.3182740452268,234.95280578061897
22,2020-08-13,324.2000122070313,310.9519958496093,247.02292426319377,337.9828106925861,299.5855224609377,314.93558655180607,270.0701764492628
23,2020-08-14,330.1419982910157,324.2000122070313,211.6428176568029,336.1159595815825,299.5855224609377,328.3831301041449,282.7015139739085
24,2020-08-17,367.1279907226563,330.1419982910157,201.17258565927887,337.70489737003845,299.5855224609377,334.414607911538,288.3791835007496
25,2020-08-18,377.4179992675782,367.1279907226563,260.8039732718821,337.8612604920663,299.5855224609377,371.9576430824084,323.98388589971364
26,2020-08-19,375.70599365234375,377.4179992675782,226.53209439042985,338.4509166428079,299.5855224609377,382.40262852992817,333.92956387654795
27,2020-08-20,400.3659973144532,375.70599365234375,225.01510986252967,335.70990717224095,299.5855224609377,380.6648385505388,332.27349156525906
28,2020-08-21,409.9960021972657,400.3659973144532,242.25694680130846,334.08051821133586,299.5855224609377,405.69624433237635,356.17783984568905
29,2020-08-24,402.8399963378906,409.9960021972657,195.8683191351672,333.7316022635655,299.5855224609377,415.47128586139036,365.5409094854581
30,2020-08-25,404.6679992675781,402.8399963378906,216.11853992707483,337.3614557705655,299.5855224609377,408.20750403485096,358.58183270041354
31,2020-08-26,430.63400268554693,404.6679992675781,214.44840476896206,338.7905557009485,299.5855224609377,410.0630383539193,360.3587012600615
32,2020-08-27,447.75,430.63400268554693,231.07618045336199,341.0080273472163,299.5855224609377,436.42011343766893,385.6840198997502
33,2020-08-28,442.6799926757813,447.75,246.14770053644682,345.20396780480314,299.5855224609377,453.79389326387457,402.503283042709
34,2020-08-31,498.32000732421886,442.6799926757813,216.5657318999688,347.722594168486,299.5855224609377,448.6475270107176,397.51677457381265
35,2020-09-01,475.04998779296886,498.32000732421886,234.76367852012845,363.9015880243487,299.5855224609377,505.1255309662649,452.43340430066655
36,2020-09-02,447.36999511718756,475.04998779296886,224.12523323944174,360.71574677895615,299.5855224609377,481.50504374253427,429.4160315665322
37,2020-09-03,407.00000000000006,447.36999511718756,244.4780734765293,363.455084442558,299.5855224609377,453.4081651613531,402.1294538931061
38,2020-09-04,418.32000732421886,407.00000000000006,228.23584598075217,358.0094191077824,299.5855224609377,412.4301611417592,362.62629433475286
39,2020-09-08,330.2099914550782,418.32000732421886,241.62046366528034,361.4052524202002,299.5855224609377,423.9206580884923,373.6462230185002
40,2020-09-09,366.27999877929693,330.2099914550782,216.9383153894801,350.4613417825708,299.5855224609377,334.4836251145911,288.4441708989509
41,2020-09-10,371.33999633789057,366.27999877929693,200.20331459561407,350.1656286329244,299.5855224609377,371.096879607885,323.1651921947564
42,2020-09-11,372.7200012207031,371.33999633789057,220.58316598837266,345.0253467037696,299.5855224609377,376.2330853392279,328.05260512531095
43,2020-09-14,419.61999511718756,372.7200012207031,206.39380271386062,343.31295744412773,299.5855224609377,377.63387435272165,329.3863792781558
44,2020-09-15,449.760009765625,419.61999511718756,244.67262591452408,350.667859113551,299.5855224609377,425.24022488187575,374.9130265511558
45,2020-09-16,441.76000976562506,449.760009765625,216.95337804243013,366.56090841732794,299.5855224609377,455.83417560763286,404.48126014609716
46,2020-09-17,423.4299926757813,441.76000976562506,249.76539246728908,369.43848157057164,299.5855224609377,447.71368831985563,396.6122942251768
47,2020-09-18,442.14999389648443,423.4299926757813,206.25710790906896,363.9536107234385,299.5855224609377,429.10760447450366,378.6273227001566
48,2020-09-21,449.3900146484375,442.14999389648443,207.8659106979335,363.3121285567795,299.5855224609377,448.1095459669904,396.9957280696967
49,2020-09-22,424.2300109863282,449.3900146484375,233.9440341798381,358.83443945478393,299.5855224609377,455.4586080269252,404.1171668135262
50,2020-09-23,380.35998535156256,424.2300109863282,218.27402359351981,365.03841676060165,299.5855224609377,429.9196717896018,379.40756484491703
51,2020-09-24,387.7900085449219,380.35998535156256,215.64451709141778,360.2870430242642,299.5855224609377,385.3889236044046,336.7766183575468
52,2020-09-25,407.3399963378907,387.7900085449219,230.32527688181221,359.1657850391566,299.5855224609377,392.93084971560023,343.973976805908
53,2020-09-28,421.20001220703125,407.3399963378907,221.29933858973618,363.8067211742127,299.5855224609377,412.77527813422574,362.956984308551
54,2020-09-29,419.07000732421886,421.20001220703125,214.13189237383833,361.8699491954344,299.5855224609377,426.8440384684441,376.4531213518085
55,2020-09-30,429.01000976562506,419.07000732421886,252.19872389522425,359.567051491304,299.5855224609377,424.6819537717214,374.3770976869978
56,2020-10-01,448.16000366210943,429.01000976562506,230.1343466922417,363.5092050954863,299.5855224609377,434.77166170496065,384.0904600567437
57,2020-10-02,415.0899963378906,448.16000366210943,269.18942920342533,366.37638682112356,299.5855224609377,454.21007195463744,402.9067457902811
58,2020-10-05,425.67999267578125,415.0899963378906,225.7383302775695,357.91658465042747,299.5855224609377,420.6420001942599,370.49978396863753
59,2020-10-06,413.9800109863282,425.67999267578125,226.4752693438816,365.9947231251549,299.5855224609377,431.39149152419094,380.8239787106827
60,2020-10-07,425.2999877929689,413.9800109863282,203.8166794966644,367.98794317440115,299.5855224609377,419.5152974521372,369.4188788143929
61,2020-10-08,425.9200134277344,425.2999877929689,214.31025123064205,390.237333681519,299.5855224609377,431.0057634216696,380.45129687958524
62,2020-10-09,434.0,425.9200134277344,217.4607222855382,384.6513676837917,299.5855224609377,431.6351272073207,381.0593429069427
63,2020-10-12,442.2999877929688,434.0,210.71821006352866,387.4746890619922,299.5855224609377,439.83680573800746,388.98826441490473
64,2020-10-13,446.6499938964844,442.2999877929688,241.35469552862605,388.096142325599,299.5855224609377,448.26179890819617,397.1432076684396
65,2020-10-14,461.29998779296886,446.6499938964844,210.27890180779355,386.327206653903,299.5855224609377,452.6773200663651,401.4211322283727
66,2020-10-15,448.88000488281244,461.29998779296886,229.5787003400544,383.66060898354635,299.5855224609377,467.5479562166672,415.8475806769029
67,2020-10-16,439.6700134277342,448.88000488281244,220.5432229141188,382.00060300881023,299.5855224609377,454.9409170496252,403.61516579660065
68,2020-10-19,430.8299865722656,439.6700134277342,218.98932751087204,387.31750642674615,299.5855224609377,445.5922147331878,394.55813517302704
69,2020-10-20,421.94000244140636,430.8299865722656,217.41989413700867,381.381608284858,299.5855224609377,436.6190490202574,385.8763432617916
70,2020-10-21,422.64001464843756,421.94000244140636,237.322510202295,386.734766967566,299.5855224609377,427.5951736298594,377.17455522803266
71,2020-10-22,425.79000854492193,422.64001464843756,213.3941829651012,371.9455364076139,299.5855224609377,428.30572865842004,377.85704583612915
72,2020-10-23,420.6300048828125,425.79000854492193,268.8885039497113,376.82763889251464,299.5855224609377,431.50316433254227,380.9318266501946
73,2020-10-26,420.27999877929693,420.6300048828125,239.34505243448757,381.71049532957613,299.5855224609377,426.26544631466186,375.8974258288281
74,2020-10-27,424.6799926757813,420.27999877929693,200.83173372157535,378.9526694477722,299.5855224609377,425.9101688003815,375.55627886636603
75,2020-10-28,406.01998901367193,424.6799926757813,232.58885434173453,378.10578448810975,299.5855224609377,430.3764306132189,379.84646334404306
76,2020-10-29,410.8299865722657,406.01998901367193,251.4345605998044,364.9361742915021,299.5855224609377,411.43539029721427,361.6732332425436
77,2020-10-30,388.04000854492193,410.8299865722657,201.65506587134746,373.10862234737715,299.5855224609377,416.3178308008143,366.3525225962103
78,2020-11-02,400.51000976562506,388.04000854492193,232.32239781397698,365.70553330072516,299.5855224609377,393.1846149433434,344.21629047425813
79,2020-11-03,423.89999389648443,400.51000976562506,223.0340349991768,365.3718930793416,299.5855224609377,405.8424257422542,356.31774714229596
80,2020-11-04,420.9800109863281,423.89999389648443,222.8311563068853,370.28480926124575,299.5855224609377,429.5846843417486,379.0857256138752
81,2020-11-05,438.0899963378906,420.9800109863281,237.5024916952707,384.7104381965578,299.5855224609377,426.62072382894223,376.2386383523476
82,2020-11-06,429.95001220703136,438.0899963378906,213.56260932170062,390.6387312557813,299.5855224609377,443.9884011466195,393.0055837714581
83,2020-11-09,421.260009765625,429.95001220703136,226.65115327076637,390.0398637764674,299.5855224609377,435.72582143945056,385.01277301300706
84,2020-11-10,410.35998535156256,421.260009765625,218.64667264408854,388.88392399196664,299.5855224609377,426.9049396449264,376.51156903452875
85,2020-11-11,417.1300048828125,410.35998535156256,234.73327457973414,394.3640744429631,299.5855224609377,415.8407509335694,365.8951030983535
86,2020-11-12,411.76000976562506,417.1300048828125,226.54315781887522,395.69103024583274,299.5855224609377,422.71273312625925,372.4868412784831
87,2020-11-13,408.50000000000006,411.76000976562506,236.43545270467757,391.27906610393484,299.5855224609377,417.2618609906909,367.2576585554207
88,2020-11-16,408.0899963378907,408.50000000000006,242.5299102640183,395.47117123966063,299.5855224609377,413.9527525082175,364.08535566839237
89,2020-11-17,441.60998535156256,408.0899963378907,182.733538250332,396.0724644781003,299.5855224609377,413.53657381745484,363.6865477558995
90,2020-11-18,486.64001464843756,441.60998535156256,231.52710940653083,395.74429860501414,299.5855224609377,447.56140440144935,396.4648801874914
91,2020-11-19,499.2699890136719,486.64001464843756,224.5616076378558,385.8959132374416,299.5855224609377,493.26962696063816,440.8724329902798
92,2020-11-20,489.6099853515626,499.2699890136719,227.12715932841138,382.47710077438614,299.5855224609377,506.0898202453679,453.37433659724684
93,2020-11-23,521.8499755859375,489.6099853515626,192.65171336356434,380.217047221302,299.5855224609377,496.28432812811286,443.81074846325464
94,2020-11-24,555.3800048828125,521.8499755859375,264.5067798455641,383.95543705891714,299.5855224609377,529.009881985151,475.766945234373
95,2020-11-25,574.0000000000001,555.3800048828125,222.88399851919326,384.8783728452263,299.5855224609377,563.04490406816,509.1036284117722
96,2020-11-27,585.760009765625,574.0000000000001,258.2026252439566,384.5009050569347,299.5855224609377,581.9453332741093,527.6522939087822
